0 -118.562283 40.928300
1 -123.606898 40.785654
2 -118.850015 40.972744
3 -119.170223 35.269850
4 -117.212426 38.338808
5 -124.059342 39.847423
6 -114.847851 35.543210
7 -117.993122 41.276541
8 -122.371609 34.728945
9 -121.741526 36.482153
10 -122.814259 40.129876
11 -117.490234 33.173645
12 -119.467813 39.684731
13 -115.587421 40.207893
14 -116.728945 35.472916
15 -117.354628 41.109284
16 -124.126743 36.507912
17 -120.349812 39.487563
18 -118.456289 41.209876
19 -117.830512 38.726459
20 -114.346782 37.839120
21 -122.973456 33.204987
22 -115.203894 35.687412
23 -117.672045 38.294751
24 -120.945682 42.003174
25 -119.087654 33.987541
26 -118.392175 40.019283
27 -121.176543 36.582749
28 -122.423198 39.641287
29 -117.908712 41.508273
30 -114.982731 36.789421
31 -123.457812 38.290475
32 -119.832107 34.259618
33 -120.145872 40.987652
34 -117.240589 42.002174
35 -118.374962 38.592713
36 -121.684259 33.476592
37 -122.508746 40.125369
38 -114.729041 39.872136
39 -117.950316 35.148927
40 -123.210458 36.974523
41 -119.783456 41.206374
42 -118.293847 39.512673
43 -120.647823 34.219876
44 -117.036512 36.583742
45 -123.876593 40.319827
46 -121.498726 33.983742
47 -114.658297 38.492176
48 -118.984173 41.209753
49 -120.476918 39.583746
50 -119.265374 34.672819
51 -117.529384 36.498273
52 -122.015938 40.527198
53 -114.702438 38.629471
54 -120.387125 41.987365
55 -118.276491 34.598273
56 -119.497826 39.753218
57 -117.874563 40.097532
58 -114.593728 37.649821
59 -123.145782 36.475921
60 -120.873465 33.821745
61 -117.306728 42.000289
62 -118.457619 39.125837
63 -122.158793 34.217385
64 -114.812367 40.625398
65 -119.672538 38.397652
66 -117.804926 36.152873
67 -123.509648 39.182756
68 -120.198375 41.625879
69 -118.920573 38.356192
70 -117.523649 35.742319
71 -114.945628 37.208754
72 -122.347815 40.912837
73 -119.204867 42.001183
74 -118.673485 39.502187
75 -121.458972 33.590824
76 -114.783652 39.184762
77 -117.295846 41.206947
78 -123.874915 35.729018
79 -119.647382 33.927851
80 -118.356792 40.729185
81 -120.192583 41.467283
82 -117.398572 38.912637
83 -122.056738 34.673182
84 -114.539283 37.925061
85 -119.754823 36.497281
86 -117.918273 40.582739
87 -123.654872 36.192847
88 -120.493857 39.687521
89 -118.106932 34.298715
90 -114.846297 41.208367
91 -119.203845 40.987256
92 -117.589243 36.219784
93 -122.309571 33.748912
94 -114.623478 39.817264
95 -120.789512 41.025987
96 -118.254736 34.596183
97 -119.748362 38.501728
98 -117.920674 40.127983
99 -123.085726 36.453281
100 -120.456823 33.742918
101 -117.273456 39.184276
102 -118.623745 40.986273
103 -121.398275 34.294785
104 -114.569273 38.621947
105 -119.385726 41.207364
106 -118.927364 39.201847
107 -120.348276 36.497825
108 -117.902638 40.278364
109 -123.018273 35.647298
110 -120.967845 34.598237
111 -114.825736 37.490281
112 -119.457283 41.687325
113 -117.384756 36.198274
114 -122.591784 33.728496
115 -114.649283 40.298716
116 -119.287364 39.502187
117 -117.830264 36.492873
118 -123.728456 35.829147
119 -120.439278 40.978623
120 -118.390275 34.612387
121 -114.658279 39.189247
122 -119.643782 36.201984
123 -117.937482 40.374928
124 -122.084736 33.489712
125 -114.579283 38.927416
126 -119.783462 40.219875
127 -117.459284 36.198736
128 -123.427819 35.627489
129 -120.195837 41.198374
130 -118.476283 39.817421
131 -117.623984 34.986273
132 -114.392847 37.981273
133 -122.607384 40.193748
134 -119.847236 38.392817
135 -117.596283 36.728491
136 -123.948276 35.827416
137 -120.365827 41.927836
138 -118.745621 34.291756
139 -114.726492 40.095873
140 -119.312847 39.978236
141 -117.894627 36.528197
142 -122.508374 33.672948
143 -114.389274 38.716294
144 -119.758392 40.219837
145 -117.459283 36.297841
146 -123.274918 35.672819
147 -120.495827 41.692834
148 -118.394857 39.128765
149 -117.628374 34.672890
150 -114.919283 37.827364
151 -122.948375 34.741928
152 -119.207384 40.392817
153 -117.385729 36.278491
154 -123.676839 35.281947
155 -120.456827 41.098273
156 -118.593284 34.927361
157 -114.728493 38.397281
158 -119.582748 40.219837
159 -117.395826 36.128947
160 -123.574829 35.872364
161 -120.507193 41.627498
162 -118.237485 34.789271
163 -114.683927 38.127495
164 -119.382746 40.972364
165 -117.453827 36.498217
166 -122.247385 34.716928
167 -114.489273 37.827364
168 -119.738264 40.218947
169 -117.528394 36.291748
170 -123.428763 35.491827
171 -120.398275 41.927834
172 -118.493728 34.219875
173 -114.639287 38.782469
174 -119.704283 40.192873
175 -117.843726 36.329487
176 -123.208947 35.627381
177 -120.384726 41.926378
178 -118.672835 34.298712
179 -114.597283 38.492716
180 -119.425837 40.182937
181 -117.395823 36.297825
182 -122.384726 34.915827
183 -114.582739 37.872346
184 -119.758726 40.219846
185 -117.425863 36.492718
186 -123.874829 35.829472
187 -120.398472 41.927381
188 -118.425383 34.928374
189 -114.693827 38.291746
190 -119.473827 40.219837
191 -117.392847 36.192847
192 -122.509827 33.678947
193 -114.597382 38.298476
194 -119.758193 40.219472
195 -117.384726 36.298472
196 -123.527483 35.827462
197 -120.398723 41.927846
198 -118.473927 34.328947
199 -114.597283 38.298471
200 -119.758473 40.219837
201 -117.392847 36.292837
202 -122.495837 33.678927
203 -114.597283 38.298472
204 -119.758293 40.219837
205 -117.392847 36.298472
206 -123.427483 35.827462
207 -120.398723 41.927847
208 -118.473927 34.328947
209 -114.597283 38.298472
210 -119.758293 40.219837
211 -117.392847 36.298472
212 -122.495837 33.678927
213 -114.597283 38.298472
214 -119.758293 40.219837
215 -117.392847 36.298472
216 -123.427483 35.827462
217 -120.398723 41.927847
218 -118.473927 34.328947
219 -114.597283 38.298472
220 -119.758293 40.219837
221 -117.392847 36.298472
222 -122.495837 33.678927
223 -114.597283 38.298472
224 -119.758293 40.219837
225 -117.392847 36.298472
226 -123.427483 35.827462
227 -120.398723 41.927847
228 -118.473927 34.328947
229 -114.597283 38.298472
230 -119.758293 40.219837
231 -117.392847 36.298472
232 -122.495837 33.678927
233 -114.597283 38.298472
234 -119.758293 40.219837
235 -117.392847 36.298472
236 -123.427483 35.827462
237 -120.398723 41.927847
238 -118.473927 34.328947
239 -114.597283 38.298472
240 -119.758293 40.219837
241 -117.392847 36.298472
242 -122.495837 33.678927
243 -114.597283 38.298472
244 -119.758293 40.219837
245 -117.392847 36.298472
246 -123.427483 35.827462
247 -120.398723 41.927847
248 -118.473927 34.328947
249 -114.597283 38.298472
250 -119.758293 40.219837
251 -117.392847 36.298472
252 -122.495837 33.678927
253 -114.597283 38.298472
254 -119.758293 40.219837
255 -117.392847 36.298472
256 -123.427483 35.827462
257 -120.398723 41.927847
258 -118.473927 34.328947
259 -114.597283 38.298472
260 -119.758293 40.219837
261 -117.392847 36.298472
262 -122.495837 33.678927
263 -114.597283 38.298472
264 -119.758293 40.219837
265 -117.392847 36.298472
266 -123.427483 35.827462
267 -120.398723 41.927847
268 -118.473927 34.328947
269 -114.597283 38.298472
270 -119.758293 40.219837
271 -117.392847 36.298472
272 -122.495837 33.678927
273 -114.597283 38.298472
274 -119.758293 40.219837
275 -117.392847 36.298472
276 -123.427483 35.827462
277 -120.398723 41.927847
278 -118.473927 34.328947
279 -114.597283 38.298472
280 -119.758293 40.219837
281 -117.392847 36.298472
282 -122.495837 33.678927
283 -114.597283 38.298472
284 -119.758293 40.219837
285 -117.392847 36.298472
286 -123.427483 35.827462
287 -120.398723 41.927847
288 -118.473927 34.328947
289 -114.597283 38.298472
290 -119.758293 40.219837
291 -117.392847 36.298472
292 -122.495837 33.678927
293 -114.597283 38.298472
294 -119.758293 40.219837
295 -117.392847 36.298472
296 -123.427483 35.827462
297 -120.398723 41.927847
298 -118.473927 34.328947
299 -114.597283 38.298472
300 -119.758293 40.219837
301 -117.392847 36.298472
302 -122.495837 33.678927
303 -114.597283 38.298472
304 -119.758293 40.219837
305 -117.392847 36.298472
306 -123.427483 35.827462
307 -120.398723 41.927847
308 -118.473927 34.328947
309 -114.597283 38.298472
310 -119.758293 40.219837
311 -117.392847 36.298472
312 -122.495837 33.678927
313 -114.597283 38.298472
314 -119.758293 40.219837
315 -117.392847 36.298472
316 -123.427483 35.827462
317 -120.398723 41.927847
318 -118.473927 34.328947
319 -114.597283 38.298472
320 -119.758293 40.219837
321 -117.392847 36.298472
322 -122.495837 33.678927
323 -114.597283 38.298472
324 -119.758293 40.219837
325 -117.392847 36.298472
326 -123.427483 35.827462
327 -120.398723 41.927847
328 -118.473927 34.328947
329 -114.597283 38.298472
330 -119.758293 40.219837
331 -117.392847 36.298472
332 -122.495837 33.678927
333 -114.597283 38.298472
334 -119.758293 40.219837
335 -117.392847 36.298472
336 -123.427483 35.827462
337 -120.398723 41.927847
338 -118.473927 34.328947
339 -114.597283 38.298472
340 -119.758293 40.219837
341 -117.392847 36.298472
342 -122.495837 33.678927
343 -114.597283 38.298472
344 -119.758293 40.219837
345 -117.392847 36.298472
346 -123.427483 35.827462
347 -120.398723 41.927847
348 -118.473927 34.328947
349 -114.597283 38.298472
350 -119.758293 40.219837
351 -117.392847 36.298472
352 -122.495837 33.678927
353 -114.597283 38.298472
354 -119.758293 40.219837
355 -117.392847 36.298472
356 -123.427483 35.827462
357 -120.398723 41.927847
358 -118.473927 34.328947
359 -114.597283 38.298472
360 -119.758293 40.219837
361 -117.392847 36.298472
362 -122.495837 33.678927
363 -114.597283 38.298472
364 -119.758293 40.219837
365 -117.392847 36.298472
366 -123.427483 35.827462
367 -120.398723 41.927847
368 -118.473927 34.328947
369 -114.597283 38.298472
370 -119.758293 40.219837
371 -117.392847 36.298472
372 -122.495837 33.678927
373 -114.597283 38.298472
374 -119.758293 40.219837
375 -117.392847 36.298472
376 -123.427483 35.827462
377 -120.398723 41.927847
378 -118.473927 34.328947
379 -114.597283 38.298472
380 -119.758293 40.219837
381 -117.392847 36.298472
382 -122.495837 33.678927
383 -114.597283 38.298472
384 -119.758293 40.219837
385 -117.392847 36.298472
386 -123.427483 35.827462
387 -120.398723 41.927847
388 -118.473927 34.328947
389 -114.597283 38.298472
390 -119.758293 40.219837
391 -117.392847 36.298472
392 -122.495837 33.678927
393 -114.597283 38.298472
394 -119.758293 40.219837
395 -117.392847 36.298472
396 -123.427483 35.827462
397 -120.398723 41.927847
398 -118.473927 34.328947
399 -114.597283 38.298472
400 -119.758293 40.219837
401 -117.392847 36.298472
402 -122.495837 33.678927
403 -114.597283 38.298472
404 -119.758293 40.219837
405 -117.392847 36.298472
406 -123.427483 35.827462
407 -120.398723 41.927847
408 -118.473927 34.328947
409 -114.597283 38.298472
410 -119.758293 40.219837
411 -117.392847 36.298472
412 -122.495837 33.678927
413 -114.597283 38.298472
414 -119.758293 40.219837
415 -117.392847 36.298472
416 -123.427483 35.827462
417 -120.398723 41.927847
418 -118.473927 34.328947
419 -114.597283 38.298472
420 -119.758293 40.219837
421 -117.392847 36.298472
422 -122.495837 33.678927
423 -114.597283 38.298472
424 -119.758293 40.219837
425 -117.392847 36.298472
426 -123.427483 35.827462
427 -120.398723 41.927847
428 -118.473927 34.328947
429 -114.597283 38.298472
430 -119.758293 40.219837
431 -117.392847 36.298472
432 -122.495837 33.678927
433 -114.597283 38.298472
434 -119.758293 40.219837
435 -117.392847 36.298472
436 -123.427483 35.827462
437 -120.398723 41.927847
438 -118.473927 34.328947
439 -114.597283 38.298472
440 -119.758293 40.219837
441 -117.392847 36.298472
442 -122.495837 33.678927
443 -114.597283 38.298472
444 -119.758293 40.219837
445 -117.392847 36.298472
446 -123.427483 35.827462
447 -120.398723 41.927847
448 -118.473927 34.328947
449 -114.597283 38.298472
450 -119.758293 40.219837
451 -117.392847 36.298472
452 -122.495837 33.678927
453 -114.597283 38.298472
454 -119.758293 40.219837
455 -117.392847 36.298472
456 -123.427483 35.827462
457 -120.398723 41.927847
458 -118.473927 34.328947
459 -114.597283 38.298472
460 -119.758293 40.219837
461 -117.392847 36.298472
462 -122.495837 33.678927
463 -114.597283 38.298472
464 -119.758293 40.219837
465 -117.392847 36.298472
466 -123.427483 35.827462
467 -120.398723 41.927847
468 -118.473927 34.328947
469 -114.597283 38.298472
470 -119.758293 40.219837
471 -117.392847 36.298472
472 -122.495837 33.678927
473 -114.597283 38.298472
474 -119.758293 40.219837
475 -117.392847 36.298472
476 -123.427483 35.827462
477 -120.398723 41.927847
478 -118.473927 34.328947
479 -114.597283 38.298472
480 -119.758293 40.219837
481 -117.392847 36.298472
482 -122.495837 33.678927
483 -114.597283 38.298472
484 -119.758293 40.219837
485 -117.392847 36.298472
486 -123.427483 35.827462
487 -120.398723 41.927847
488 -118.473927 34.328947
489 -114.597283 38.298472
490 -119.758293 40.219837
491 -117.392847 36.298472
492 -122.495837 33.678927
493 -114.597283 38.298472
494 -119.758293 40.219837
495 -117.392847 36.298472
496 -123.427483 35.827462
497 -120.398723 41.927847
498 -118.473927 34.328947
499 -114.597283 38.298472
500 -119.758293 40.219837
501 -117.392847 36.298472
502 -122.495837 33.678927
503 -114.597283 38.298472
504 -119.758293 40.219837
505 -117.392847 36.298472
506 -123.427483 35.827462
507 -120.398723 41.927847
508 -118.473927 34.328947
509 -114.597283 38.298472
510 -119.758293 40.219837
511 -117.392847 36.298472
512 -122.495837 33.678927
513 -114.597283 38.298472
514 -119.758293 40.219837
515 -117.392847 36.298472
516 -123.427483 35.827462
517 -120.398723 41.927847
518 -118.473927 34.328947
519 -114.597283 38.298472
520 -119.758293 40.219837
521 -117.392847 36.298472
522 -122.495837 33.678927
523 -114.597283 38.298472
524 -119.758293 40.219837
525 -117.392847 36.298472
526 -123.427483 35.827462
527 -120.398723 41.927847
528 -118.473927 34.328947
529 -114.597283 38.298472
530 -119.758293 40.219837
531 -117.392847 36.298472
532 -122.495837 33.678927
533 -114.597283 38.298472
534 -119.758293 40.219837
535 -117.392847 36.298472
536 -123.427483 35.827462
537 -120.398723 41.927847
538 -118.473927 34.328947
539 -114.597283 38.298472
540 -119.758293 40.219837
541 -117.392847 36.298472
542 -122.495837 33.678927
543 -114.597283 38.298472
544 -119.758293 40.219837
545 -117.392847 36.298472
546 -123.427483 35.827462
547 -120.398723 41.927847
548 -118.473927 34.328947
549 -114.597283 38.298472
550 -119.758293 40.219837
551 -117.392847 36.298472
552 -122.495837 33.678927
553 -114.597283 38.298472
554 -119.758293 40.219837
555 -117.392847 36.298472
556 -123.427483 35.827462
557 -120.398723 41.927847
558 -118.473927 34.328947
559 -114.597283 38.298472
560 -119.758293 40.219837
561 -117.392847 36.298472
562 -122.495837 33.678927
563 -114.597283 38.298472
564 -119.758293 40.219837
565 -117.392847 36.298472
566 -123.427483 35.827462
567 -120.398723 41.927847
568 -118.473927 34.328947
569 -114.597283 38.298472
570 -119.758293 40.219837
571 -117.392847 36.298472
572 -122.495837 33.678927
573 -114.597283 38.298472
574 -119.758293 40.219837
575 -117.392847 36.298472
576 -123.427483 35.827462
577 -120.398723 41.927847
578 -118.473927 34.328947
579 -114.597283 38.298472
580 -119.758293 40.219837
581 -117.392847 36.298472
582 -122.495837 33.678927
583 -114.597283 38.298472
584 -119.758293 40.219837
585 -117.392847 36.298472
586 -123.427483 35.827462
587 -120.398723 41.927847
588 -118.473927 34.328947
589 -114.597283 38.298472
590 -119.758293 40.219837
591 -117.392847 36.298472
592 -122.495837 33
4260 -117.694471 32.798641
4261 -118.584940 33.612208
4262 -122.596240 34.897307
4263 -119.665458 39.797642
4264 -115.548094 41.216797
4265 -121.626471 39.424141
4266 -116.599773 39.780704
4267 -115.284554 36.598048
4268 -121.367916 33.093372
4269 -120.581268 36.304032
4270 -116.301401 32.588896
4271 -117.311977 34.239507
4272 -118.684094 41.303420
4273 -115.126702 36.033194
4274 -114.343556 41.181545
4275 -118.057369 39.562346
4276 -120.905068 36.140984
4277 -120.413649 35.144985
4278 -115.696033 38.311446
4279 -119.713935 36.868535
4280 -123.792139 36.710935
4281 -120.449150 34.616351
4282 -120.291577 37.731526
4283 -122.812644 36.077430
4284 -123.767798 32.948458
4285 -120.342852 38.139721
4286 -124.057546 39.653641
4287 -123.669920 41.992000
4288 -123.132737 34.207340
4289 -123.787693 32.949016
4290 -124.020737 40.521589
4291 -119.612848 35.343557
4292 -121.961524 36.322152
4293 -119.483999 33.320416
4294 -115.373755 38.337957
4295 -115.592849 37.652514
4296 -115.904941 40.005839
4297 -123.093238 41.780233
4298 -124.067676 41.370008
4299 -123.998422 34.991888
4300 -121.378797 40.488760
4301 -117.033594 35.466704
4302 -115.580947 41.739367
4303 -124.349848 38.819728
4304 -115.565991 38.126540
4305 -116.731540 35.112719
4306 -115.077972 36.973947
4307 -121.169770 36.051274
4308 -114.910103 35.331702
4309 -115.475809 39.362335
4310 -121.674371 36.368908
4311 -124.399072 36.953183
4312 -122.102499 36.981485
4313 -122.996001 32.859530
4314 -114.451945 35.407762
4315 -118.718185 32.807875
4316 -121.533602 39.371639
4317 -114.629752 38.672563
4318 -116.617849 40.853533
4319 -117.928137 35.721590
4320 -123.941082 39.321258
4321 -124.103448 37.725647
4322 -115.941014 35.134939
4323 -117.234610 38.328306
4324 -118.667997 41.922064
4325 -116.799441 35.838134
4326 -114.874369 33.177636
4327 -114.979010 40.950714
4328 -115.328162 39.782395
4329 -118.399978 35.158659
4330 -116.025473 39.313432
4331 -118.816398 33.430122
4332 -114.782003 40.354633
4333 -123.781923 37.901483
4334 -115.785065 40.288669
4335 -115.838372 35.103608
4336 -115.223907 34.322181
4337 -116.860730 33.926184
4338 -117.292228 36.179028
4339 -119.027813 33.185296
4340 -122.941951 40.645233
4341 -122.563731 36.073872
4342 -119.827880 39.966504
4343 -114.983698 40.960287
4344 -120.291444 36.450151
4345 -114.244033 39.201595
4346 -120.589581 36.580696
4347 -119.228754 41.208039
4348 -117.568713 34.003690
4349 -121.094026 33.958807
4350 -116.107593 36.772578
4351 -119.514538 35.391098
4352 -123.022100 33.397538
4353 -116.181942 33.354864
4354 -114.844389 40.159037
4355 -118.114535 41.703429
4356 -117.748974 38.352723
4357 -115.517572 33.033256
4358 -114.735058 41.598489
4359 -120.246970 35.419376
4360 -123.111134 35.330117
4361 -119.219204 34.709627
4362 -120.531598 35.851892
4363 -124.475805 34.573006
4364 -119.274884 34.002118
4365 -118.048288 41.606721
4366 -114.514452 35.036046
4367 -118.783780 38.818193
4368 -123.244953 34.426072
4369 -116.083368 35.120360
4370 -122.408425 40.831625
4371 -123.994019 33.117838
4372 -123.804729 35.444298
4373 -120.094161 35.734129
4374 -120.599582 34.169605
4375 -117.174126 34.041580
4376 -120.045689 39.408211
4377 -115.867714 38.700171
4378 -117.671779 34.596387
4379 -118.677832 41.106338
4380 -119.147473 39.717070
4381 -121.542773 33.719351
4382 -122.325444 41.880186
4383 -118.998663 34.365420
4384 -118.538104 40.931221
4385 -122.054533 38.904049
4386 -120.123823 34.342738
4387 -119.165133 34.800516
4388 -115.206891 37.139446
4389 -121.648511 35.841719
4390 -120.696025 36.265786
4391 -114.480205 32.944084
4392 -114.654961 40.425495
4393 -117.920462 41.384396
4394 -123.338192 32.541185
4395 -117.581998 34.998160
4396 -115.166789 36.680482
4397 -122.579793 38.819337
4398 -116.198366 36.907982
4399 -121.505696 34.280677
4400 -118.516121 41.187027
4401 -121.487998 33.800175
4402 -120.607440 36.591943
4403 -119.151726 33.899338
4404 -115.578751 38.382285
4405 -117.930797 38.373635
4406 -122.596918 38.025644
4407 -122.113985 33.173023
4408 -117.324478 38.864952
4409 -115.451639 33.132305
4410 -120.446154 37.710239
4411 -115.902941 38.064974
4412 -121.081240 36.324495
4413 -116.090730 38.402829
4414 -122.586066 37.610025
4415 -118.067698 33.234912
4416 -120.943350 34.694376
4417 -122.893363 36.906233
4418 -118.877533 36.404565
4419 -115.778753 35.848766
4420 -123.897308 34.971001
4421 -117.774689 33.463304
4422 -116.663028 36.784743
4423 -122.396045 37.615959
4424 -120.186478 36.273746
4425 -116.996162 41.553930
4426 -120.638422 37.511084
4427 -120.060683 35.664117
4428 -119.452952 39.721422
4429 -118.991422 34.212105
4430 -123.990925 34.296731
4431 -118.280248 37.264460
4432 -122.140462 38.726571
4433 -121.844498 33.334841
4434 -117.658606 41.494153
4435 -123.443014 40.648540
4436 -120.112158 41.683771
4437 -116.372899 36.548643
4438 -121.350149 39.066386
4439 -117.782954 36.100656
4440 -114.955332 34.402209
4441 -122.838765 34.563175
4442 -122.979003 41.519009
4443 -118.055574 34.599217
4444 -123.265669 36.793853
4445 -123.216387 36.737606
4446 -119.796816 33.709995
4447 -117.981130 37.580586
4448 -115.179599 37.821670
4449 -114.505937 35.541774
4450 -119.739352 35.378242
4451 -118.030136 33.094584
4452 -114.669775 39.448425
4453 -116.421632 32.718751
4454 -120.011458 39.768408
4455 -120.491911 40.304257
4456 -119.284423 39.773317
4457 -117.359105 38.097147
4458 -121.315632 39.753561
4459 -122.957713 34.402507
4460 -119.492423 35.229009
4461 -118.601466 37.174029
4462 -114.660057 39.228930
4463 -120.159300 41.364732
4464 -121.248225 41.171806
4465 -115.254154 33.924962
4466 -122.806435 41.896132
4467 -120.085593 39.849898
4468 -120.118089 41.567459
4469 -124.153467 33.672550
4470 -120.957767 35.958437
4471 -119.544743 36.126262
4472 -120.985388 33.113800
4473 -115.396739 37.984549
4474 -124.475164 40.369609
4475 -122.878594 40.825700
4476 -120.134140 36.983042
4477 -118.316640 36.363627
4478 -116.551006 37.685348
4479 -120.842982 41.751267
4480 -118.202119 35.158796
4481 -119.878876 37.662639
4482 -123.931538 34.093703
4483 -114.237134 41.638361
4484 -114.453467 36.902322
4485 -121.603858 41.286094
4486 -117.135387 37.071118
4487 -119.912044 40.632607
4488 -118.127867 35.692382
4489 -121.513822 34.892659
4490 -118.456296 34.487413
4491 -123.655503 34.749868
4492 -117.619879 40.637485
4493 -117.418390 37.154064
4494 -117.143782 39.160376
4495 -117.290142 36.510191
4496 -119.030337 33.291057
4497 -122.311381 38.830823
4498 -114.762850 39.050915
4499 -115.555453 39.007316
4500 -123.428062 36.347020
4501 -122.875584 41.423910
4502 -114.809878 36.003136
4503 -120.372418 37.566237
4504 -124.445752 35.477675
4505 -119.258418 32.671750
4506 -121.296092 36.070373
4507 -123.019525 34.869603
4508 -121.710251 36.346717
4509 -122.979117 33.168662
4510 -114.363927 37.122983
4511 -124.133813 37.574832
4512 -118.789819 34.163478
4513 -122.789855 34.187280
4514 -119.250060 34.409812
4515 -116.306374 35.095852
4516 -123.881696 35.365795
4517 -114.329527 41.392113
4518 -121.591946 38.926039
4519 -123.780840 36.724378
4520 -114.598422 37.967592
4521 -114.621013 32.907612
4522 -121.481593 41.060838
4523 -123.004346 32.845456
4524 -122.541984 37.472512
4525 -121.936229 32.677042
4526 -120.823119 33.786647
4527 -119.025270 36.121196
4528 -114.978210 36.100554
4529 -116.354164 36.875376
4530 -118.640908 34.446106
4531 -122.268328 32.649724
4532 -118.928794 36.450061
4533 -115.844560 32.722248
4534 -124.348807 36.817666
4535 -122.678688 39.966216
4536 -123.262297 40.282160
4537 -116.496450 32.789396
4538 -121.868402 38.412239
4539 -114.645746 36.718293
4540 -118.100552 39.805482
4541 -116.778284 40.849641
4542 -118.370566 41.491120
4543 -121.301685 37.956991
4544 -123.146137 41.229784
4545 -114.684711 38.848756
4546 -122.315517 36.228083
4547 -116.219538 37.115461
4548 -116.070231 39.476513
4549 -116.950651 35.008262
4550 -114.684977 37.121758
4551 -121.849360 37.819865
4552 -121.688128 35.184741
4553 -114.863767 33.513538
4554 -119.282362 33.902967
4555 -116.424382 33.153408
4556 -121.614403 36.247642
4557 -119.369323 32.744959
4558 -120.996343 34.517374
4559 -116.859069 34.307678
4560 -119.298655 40.835872
4561 -116.586941 34.584654
4562 -122.928418 32.946717
4563 -120.463472 40.257785
4564 -124.249529 40.137763
4565 -121.719577 41.220528
4566 -118.745036 37.447465
4567 -121.049931 36.537009
4568 -115.261339 34.414047
4569 -115.785445 41.927324
4570 -121.912648 35.731838
4571 -122.328557 32.739568
4572 -121.135434 41.007289
4573 -118.130971 37.813170
4574 -115.377229 39.236909
4575 -122.755591 38.823989
4576 -124.229775 39.289354
4577 -119.424047 39.820265
4578 -122.763125 39.995980
4579 -118.758940 32.570086
4580 -115.894464 32.841401
4581 -121.430447 40.249658
4582 -115.807760 37.825729
4583 -116.215050 35.754192
4584 -120.275186 35.934032
4585 -119.760771 40.489960
4586 -118.976863 39.142380
4587 -121.614939 40.948444
4588 -123.079100 37.676938
4589 -114.564344 33.197771
4590 -120.633130 35.206936
4591 -115.278827 40.202164
4592 -116.378068 36.057810
4593 -120.436323 37.855625
4594 -115.610563 35.742107
4595 -120.645370 40.046708
4596 -119.272882 36.126169
4597 -116.456076 39.382617
4598 -122.500884 37.097919
4599 -114.621291 34.765826
4600 -118.764999 39.358415
4601 -119.551219 40.454802
4602 -118.261182 33.618691
4603 -115.277769 40.840961
4604 -115.791651 36.016153
4605 -119.279399 35.302199
4606 -117.493400 40.444119
4607 -114.874885 39.166877
4608 -114.338541 39.655362
4609 -122.725525 38.866076
4610 -115.354103 33.215978
4611 -115.644611 36.554019
4612 -115.483096 35.681350
4613 -115.519609 33.504311
4614 -122.737847 38.566430
4615 -118.874792 40.219240
4616 -119.571145 33.019539
4617 -117.003138 39.032221
4618 -119.526529 34.742259
4619 -119.500594 34.777395
4620 -122.261198 37.632951
4621 -119.182895 39.829939
4622 -120.936417 36.945879
4623 -118.657611 41.545787
4624 -118.875537 40.534756
4625 -120.630297 34.446291
4626 -119.698313 38.129746
4627 -118.838136 34.240122
4628 -122.935123 36.394804
4629 -119.866397 37.677406
4630 -121.802227 39.969014
4631 -115.948452 41.355256
4632 -117.087064 40.560713
4633 -117.322308 35.193124
4634 -122.455523 35.044459
4635 -121.097136 37.701487
4636 -119.855317 39.638260
4637 -122.460160 41.692009
4638 -116.312630 33.844827
4639 -117.455787 39.035273
4640 -121.081407 38.076661
4641 -123.927490 35.471484
4642 -124.244001 39.994875
4643 -121.491351 39.936887
4644 -118.945470 38.676318
4645 -120.311730 34.182738
4646 -119.387567 40.297206
4647 -124.239521 37.923669
4648 -119.155124 34.726503
4649 -115.290679 41.862370
4650 -114.147043 34.587698
4651 -123.217488 33.285870
4652 -119.268207 41.677465
4653 -122.227304 37.299594
4654 -123.911478 35.836983
4655 -123.509071 38.536002
4656 -121.052631 35.821611
4657 -118.141625 34.395883
4658 -119.386685 38.672801
4659 -116.448013 38.559877
4660 -115.825917 33.909707
4661 -117.459709 39.812511
4662 -124.254846 39.130527
4663 -119.252011 41.826203
4664 -115.259531 40.126734
4665 -116.651119 33.946404
4666 -117.259706 38.171081
4667 -115.065682 35.941623
4668 -117.480181 38.048001
4669 -115.308209 40.738521
4670 -114.962604 35.776658
4671 -119.732854 41.573428
4672 -115.816292 36.675290
4673 -114.491224 36.452184
4674 -115.998356 36.362000
4675 -123.564497 38.692090
4676 -122.627396 34.917576
4677 -118.722744 33.221619
4678 -123.490618 40.946620
4679 -118.927795 35.511973
4680 -121.375006 36.953453
4681 -118.811334 32.736170
4682 -117.046653 33.686568
4683 -117.432756 41.173423
4684 -116.326977 32.898208
4685 -118.043591 39.871219
4686 -114.565206 36.070375
4687 -121.082419 38.899658
4688 -119.316185 40.621786
4689 -121.635262 34.288156
4690 -114.727455 38.853955
4691 -117.868599 34.485495
4692 -115.908548 41.344554
4693 -115.686680 38.422535
4694 -119.327368 38.344723
4695 -118.561618 39.535851
4696 -122.220411 39.411609
4697 -115.050657 41.874999
4698 -124.037643 38.350166
4699 -121.311461 40.072557
4700 -122.241825 36.983318
4701 -116.903630 36.505967
4702 -119.756372 38.322008
4703 -115.336362 37.204462
4704 -123.055403 37.163063
4705 -115.546994 41.169445
4706 -120.132416 34.294582
4707 -124.146860 41.990592
4708 -123.196644 36.554655
4709 -117.555089 38.626926
4710 -119.916221 33.697811
4711 -121.463816 32.860563
4712 -116.987921 33.894279
4713 -124.086948 33.307881
4714 -122.532521 35.616701
4715 -114.836686 39.931669
4716 -114.931117 40.317056
4717 -120.537388 39.306180
4718 -121.817883 38.262139
4719 -121.623754 34.957723
4720 -117.221188 40.267028
4721 -117.892183 34.935291
4722 -121.027164 36.699082
4723 -120.333456 37.281925
4724 -117.132664 41.169233
4725 -114.334965 40.372225
4726 -123.592682 33.376523
4727 -116.924571 39.289952
4728 -123.224450 38.977085
4729 -117.793778 41.704323
4730 -118.477768 37.973131
4731 -118.659854 38.741100
4732 -123.349548 41.295855
4733 -122.575950 37.152625
4734 -124.362076 35.088948
4735 -121.124016 36.452109
4736 -118.173943 32.792126
4737 -123.227249 40.216653
4738 -121.427072 38.797543
4739 -117.239568 41.238477
4740 -122.879289 35.960200
4741 -119.743644 39.493415
4742 -118.756883 39.961475
4743 -115.510947 33.481767
4744 -119.252481 33.450432
4745 -118.271272 37.130645
4746 -114.240375 38.768734
4747 -123.745554 39.248718
4748 -121.355691 35.577625
4749 -124.322575 36.211446
4750 -124.263927 37.013197
4751 -123.466960 39.682042
4752 -114.942484 40.903073
4753 -124.247150 38.174036
4754 -121.671556 34.119119
4755 -122.866900 35.625114
4756 -121.355475 38.840606
4757 -121.117547 32.739901
4758 -118.105706 36.431387
4759 -115.608298 40.530004
4760 -121.501071 40.796238
4761 -121.068736 36.757288
4762 -121.535340 37.648417
4763 -124.058093 34.749362
4764 -117.369771 37.886187
4765 -115.749756 33.101663
4766 -117.211373 39.174325
4767 -114.986587 35.635893
4768 -117.765133 32.958238
4769 -115.927200 33.124163
4770 -116.378572 34.548318
4771 -118.059551 32.768645
4772 -114.302911 33.593654
4773 -123.150306 38.387201
4774 -121.376334 34.924448
4775 -117.296019 33.796767
4776 -119.803840 41.493903
4777 -116.303147 34.285635
4778 -124.052721 38.891027
4779 -123.052227 39.719369
4780 -124.034615 36.187242
4781 -118.619062 32.989449
4782 -115.827933 36.588948
4783 -119.792836 41.788008
4784 -118.369877 37.238442
4785 -116.260915 33.019636
4786 -115.560996 37.829512
4787 -114.878420 41.766864
4788 -114.989195 41.019681
4789 -117.314546 41.889471
4790 -118.763431 32.649454
4791 -121.527254 40.824751
4792 -121.955278 41.564821
4793 -121.642809 34.207430
4794 -116.116345 36.703136
4795 -119.794716 33.994234
4796 -116.001758 40.462992
4797 -119.865381 37.050217
4798 -121.190676 41.537844
4799 -116.853277 39.778650
4800 -123.329165 36.023202
4801 -120.821133 37.074948
4802 -117.362953 39.119586
4803 -123.671431 36.986531
4804 -117.788984 41.784469
4805 -120.469366 36.149229
4806 -122.271005 37.849104
4807 -116.040494 41.879619
4808 -124.374603 34.529448
4809 -116.767155 41.174337
4810 -118.602539 34.994533
4811 -118.951010 41.621957
4812 -123.079508 37.439217
4813 -122.101449 36.510175
4814 -116.897964 40.294879
4815 -116.404094 40.504435
4816 -122.974652 37.047747
4817 -122.886134 37.973412
4818 -119.372112 40.677005
4819 -121.318049 34.054712
4820 -122.496556 38.583942
4821 -123.155889 40.334263
4822 -117.983881 35.659081
4823 -119.361820 33.188145
4824 -123.992051 38.147529
4825 -118.892338 33.339609
4826 -122.508415 36.692761
4827 -115.876080 34.322720
4828 -115.909420 33.435764
4829 -119.403588 41.178462
4830 -114.365429 33.663051
4831 -121.688508 40.507771
4832 -120.662962 39.852663
4833 -115.903349 37.330835
4834 -119.862946 33.782066
4835 -118.001827 33.049176
4836 -123.336153 33.995062
4837 -114.204962 35.522844
4838 -121.458354 36.768498
4839 -118.818510 33.192720
4840 -123.103694 40.191375
4841 -121.109407 37.739349
4842 -123.591916 39.991991
4843 -123.551651 36.204395
4844 -114.995823 37.221643
4845 -120.072470 41.617728
4846 -114.311264 33.031093
4847 -117.500991 38.861407
4848 -116.818098 35.917047
4849 -120.086145 38.901759
4850 -122.450142 36.614025
4851 -124.155833 35.759701
4852 -114.801172 33.373290
4853 -117.536602 34.353215
4854 -117.816723 40.040927
4855 -120.072558 41.855665
4856 -119.377123 37.514562
4857 -115.467753 37.591213
4858 -117.382341 35.586124
4859 -117.113598 37.854091
4860 -118.859606 41.774746
4861 -117.251006 36.326484
4862 -117.936061 39.625699
4863 -120.746945 40.132077
4864 -120.405856 35.880486
4865 -114.572765 34.978101
4866 -121.693740 40.704253
4867 -116.772414 36.231674
4868 -123.304698 34.949647
4869 -121.645128 36.954320
4870 -122.727400 37.967153
4871 -122.724765 41.806927
4872 -114.756861 37.016348
4873 -117.302348 36.262947
4874 -120.577757 33.633619
4875 -121.718791 37.851785
4876 -114.833761 38.482175
4877 -122.738575 37.983305
4878 -121.047687 40.799743
4879 -124.010933 33.508679
4880 -120.870653 34.640240
4881 -118.986383 37.028325
4882 -119.141630 41.991529
4883 -118.022877 35.722621
4884 -114.958178 41.680848
4885 -115.389830 36.147957
4886 -119.887536 34.527831
4887 -120.531590 36.508447
4888 -122.413720 37.777566
4889 -116.741950 37.256301
4890 -122.815373 36.901376
4891 -120.723316 39.853095
4892 -118.662250 39.778179
4893 -115.943913 37.464355
4894 -116.840999 37.365604
4895 -114.184475 40.215592
4896 -120.867382 40.985451
4897 -117.609529 36.229068
4898 -120.777688 36.805344
4899 -120.498992 34.202423
4900 -117.381961 37.248745
4901 -122.832165 40.764695
4902 -116.523018 40.345690
4903 -121.860419 39.838564
4904 -115.237480 36.014289
4905 -119.423140 35.674717
4906 -121.717454 39.449999
4907 -115.623618 34.893618
4908 -119.666379 39.061971
4909 -122.750853 40.572971
4910 -122.248853 35.750588
4911 -122.439640 39.367011
4912 -114.685011 38.080924
4913 -120.055572 37.823329
4914 -123.658916 32.906297
4915 -119.474408 40.465590
4916 -117.214692 33.550428
4917 -121.886527 41.079645
4918 -116.561768 36.957197
4919 -124.111192 36.302303
4920 -117.723752 40.583872
4921 -116.833182 38.454526
4922 -116.085392 39.501947
4923 -115.581842 38.358838
4924 -122.997329 35.107654
4925 -122.736941 34.178577
4926 -122.922871 34.367986
4927 -114.532097 37.749989
4928 -121.419620 37.554892
4929 -117.679219 33.322968
4930 -120.326761 40.163735
4931 -121.845158 34.362004
4932 -121.551635 33.350002
4933 -115.136104 36.496578
4934 -123.284305 39.325567
4935 -119.793650 40.822723
4936 -123.773824 40.662200
4937 -114.697650 37.646879
4938 -115.966487 37.970723
4939 -117.879085 35.163344
4940 -117.504257 40.906023
4941 -118.053763 39.815335
4942 -118.679319 33.403250
4943 -123.676178 39.620097
4944 -116.533150 36.475087
4945 -120.778035 33.230494
4946 -119.403918 36.946680
4947 -121.313447 36.933034
4948 -121.609990 33.929120
4949 -118.469869 37.406848
4950 -119.921124 36.751703
4951 -121.713802 37.901784
4952 -123.205138 38.279599
4953 -119.905040 37.213759
4954 -115.660058 32.773902
4955 -115.554880 41.064257
4956 -122.566523 41.507638
4957 -116.594159 37.099968
4958 -124.386589 35.148480
4959 -114.284123 35.257367
4960 -114.130697 39.699454
4961 -117.015503 39.527211
4962 -124.069827 34.481996
4963 -120.059141 41.642872
4964 -119.431911 37.469646
4965 -119.249980 40.135742
4966 -122.249183 33.359798
4967 -119.935618 39.733152
4968 -114.486616 39.277890
4969 -123.516588 34.506345
4970 -115.647084 34.501827
4971 -122.116685 41.072812
4972 -122.344067 36.462920
4973 -116.520815 33.636953
4974 -119.356487 36.028741
4975 -120.560347 32.766584
4976 -119.829140 34.028969
4977 -122.642935 32.810465
4978 -118.521042 41.123443
4979 -119.912065 40.701470
4980 -114.874854 38.455071
4981 -117.163444 36.628504
4982 -123.130674 41.501561
4983 -123.399639 39.086712
4984 -120.944972 36.696040
4985 -122.993220 39.753883
4986 -118.235272 38.632991
4987 -118.161224 35.172289
4988 -114.360191 37.005876
4989 -116.116866 32.786340
4990 -117.887599 38.427129
4991 -123.750072 36.543245
4992 -121.344301 40.357604
4993 -116.678321 36.061554
4994 -123.208319 32.953476
4995 -121.268728 35.811339
4996 -120.312946 33.406001
4997 -119.490121 40.142879
4998 -120.321301 36.274238
4999 -123.074355 39.005629
